MAX_EPISODE: 160
DICT_TYPES:
    - 'individual'
    - 'cumulative'
    - 'na'
    - 'ea'
CHARACTER_CONSOLIDATION_DICT:
    "\nMAGNUS\n": "\nELIAS\n"
    "\nJOHN\n": "\nARCHIVIST\n"
TEXT_DIRECTORY: 'A_episode_texts/texts'
DICT_DIRECTORY: 'B_episode_dicts/dicts'
CHART_DIRECTORY: 'C_episode_charts/charts'
MIN_EPISODE_APPEARANCES: 3
LINES_NEEDED_FOR_CLOSENESS: 5
MIN_CLOSENESS: 0.005
CHART_DPI: 150
CHART_FIXED_POSITIONS:
    'MARTIN': [-0.50785913437188222, 0.08477362049934986]
    'ELIAS': [0.494622046596421, -0.8496412076926273]
    'ARCHIVIST': [0.39497082023195323, 0.08477362049934986]
    'SASHA': [-0.9525321492929766, 0.3329317568689825]
    'MELANIE': [0.8879192021330844, -0.35028543487470515]
    'TIM': [-0.6407332236883497, 0.7039490847522484]
    'BREEKON': [-0.6640046638082411, -0.8194784186915571]
    'MICHAEL': [0.40920022617553936, 0.9530705335491978]
    'BASIRA': [0.8374579409643357, 0.36115163173876225]
    'GERTRUDE': [-0.3101090003330547, -0.9487132319098708]
    'JULIA': [0.0648092656994219, -0.9586427617163064]
    'HOPE': [-0.9386163812554091, -0.5262024764971592]
    'NOT!SASHA': [-0.9986163812554091, -0.3262024764971592]
    'DAISY': [-0.18843498813231419, 0.9943061532302655]
    'GEORGIE': [0.6372042049249488, 0.6649350411778464]
    'PETER': [0.0587236938644669, 0.7914881431925871]
    'HELEN': [0.8316638715482926, -0.00243600699759311]
    'TREVOR': [-1.0, -0.02557792368338694]
